n_components=200
explained_variance_sum=0.6560993329070589
explained_variance_first10=0.003290324031305188,0.01618299569160921,0.015497219632266246,0.010922794256107135,0.010451368146609291,0.008473328006405134,0.0070924188533376,0.006683235428587484,0.00654402249290138,0.006318146476979274
